$ANSIBLE_VAULT;1.1;AES256
66656535316462326130303762323730393665376638623965323439373834656133323063313163
3531333735323734643261636366663232386466613238350a306663623235343737386130616166
62356532653764623930663631643763373435383038653838363563363661396230636336643339
3532383266316663610a646530346363333138656630323237333266393265623130316239616637
31343765646634623631353232313464626666373037353733316566306533396631383033393335
34376232616666383632383130366532316638303435343462343734666535643830623863633265
63363939653465376536343936386239643461343734356637353765343263653332383930663765
64613262303931333665363661346665316161383737346433303839313938666365316336323239
32343539316530623332373535636234366130633162633838343538386565623833663636373862
38626661656230313231653664373339646537323637316139366634323232326333336362626635
61613330666632303366393665383035373931303463656434626137313764333931653937616262
38386139313138663366
